Wavelength (nm)	n	k
300.000000	1.808740	0.000000	
305.000000	1.807258	0.000000	
310.000000	1.805822	0.000000	
315.000000	1.804430	0.000000	
320.000000	1.803083	0.000000	
325.000000	1.801781	0.000000	
330.000000	1.800521	0.000000	
335.000000	1.799303	0.000000	
340.000000	1.798125	0.000000	
345.000000	1.796985	0.000000	
350.000000	1.795883	0.000000	
355.000000	1.794815	0.000000	
360.000000	1.793783	0.000000	
365.000000	1.792783	0.000000	
370.000000	1.791815	0.000000	
375.000000	1.790877	0.000000	
380.000000	1.789969	0.000000	
385.000000	1.789090	0.000000	
390.000000	1.788239	0.000000	
395.000000	1.787413	0.000000	
400.000000	1.786613	0.000000	
405.000000	1.785838	0.000000	
410.000000	1.785087	0.000000	
415.000000	1.784358	0.000000	
420.000000	1.783651	0.000000	
425.000000	1.782966	0.000000	
430.000000	1.782300	0.000000	
435.000000	1.781655	0.000000	
440.000000	1.781028	0.000000	
445.000000	1.780420	0.000000	
450.000000	1.779829	0.000000	
455.000000	1.779255	0.000000	
460.000000	1.778698	0.000000	
465.000000	1.778156	0.000000	
470.000000	1.777629	0.000000	
475.000000	1.777118	0.000000	
480.000000	1.776620	0.000000	
485.000000	1.776136	0.000000	
490.000000	1.775665	0.000000	
495.000000	1.775207	0.000000	
500.000000	1.774762	0.000000	
505.000000	1.774328	0.000000	
510.000000	1.773905	0.000000	
515.000000	1.773494	0.000000	
520.000000	1.773094	0.000000	
525.000000	1.772704	0.000000	
530.000000	1.772323	0.000000	
535.000000	1.771953	0.000000	
540.000000	1.771592	0.000000	
545.000000	1.771240	0.000000	
550.000000	1.770897	0.000000	
555.000000	1.770563	0.000000	
560.000000	1.770236	0.000000	
565.000000	1.769918	0.000000	
570.000000	1.769607	0.000000	
575.000000	1.769304	0.000000	
580.000000	1.769008	0.000000	
585.000000	1.768719	0.000000	
590.000000	1.768437	0.000000	
595.000000	1.768162	0.000000	
600.000000	1.767892	0.000000	
605.000000	1.767630	0.000000	
610.000000	1.767373	0.000000	
615.000000	1.767122	0.000000	
620.000000	1.766876	0.000000	
625.000000	1.766637	0.000000	
630.000000	1.766402	0.000000	
635.000000	1.766173	0.000000	
640.000000	1.765949	0.000000	
645.000000	1.765729	0.000000	
650.000000	1.765515	0.000000	
655.000000	1.765305	0.000000	
660.000000	1.765100	0.000000	
665.000000	1.764899	0.000000	
670.000000	1.764702	0.000000	
675.000000	1.764509	0.000000	
680.000000	1.764320	0.000000	
685.000000	1.764136	0.000000	
690.000000	1.763955	0.000000	
695.000000	1.763778	0.000000	
700.000000	1.763604	0.000000	
705.000000	1.763434	0.000000	
710.000000	1.763267	0.000000	
715.000000	1.763104	0.000000	
720.000000	1.762944	0.000000	
725.000000	1.762787	0.000000	
730.000000	1.762633	0.000000	
735.000000	1.762482	0.000000	
740.000000	1.762334	0.000000	
745.000000	1.762189	0.000000	
750.000000	1.762047	0.000000	
755.000000	1.761907	0.000000	
760.000000	1.761770	0.000000	
765.000000	1.761636	0.000000	
770.000000	1.761504	0.000000	
775.000000	1.761374	0.000000	
780.000000	1.761247	0.000000	
785.000000	1.761122	0.000000	
790.000000	1.761000	0.000000	
795.000000	1.760880	0.000000	
800.000000	1.760761	0.000000	
805.000000	1.760646	0.000000	
810.000000	1.760532	0.000000	
815.000000	1.760420	0.000000	
820.000000	1.760310	0.000000	
825.000000	1.760202	0.000000	
830.000000	1.760096	0.000000	
835.000000	1.759992	0.000000	
840.000000	1.759889	0.000000	
845.000000	1.759788	0.000000	
850.000000	1.759689	0.000000	
855.000000	1.759592	0.000000	
860.000000	1.759496	0.000000	
865.000000	1.759402	0.000000	
870.000000	1.759310	0.000000	
875.000000	1.759219	0.000000	
880.000000	1.759129	0.000000	
885.000000	1.759041	0.000000	
890.000000	1.758955	0.000000	
895.000000	1.758870	0.000000	
900.000000	1.758786	0.000000	
905.000000	1.758703	0.000000	
910.000000	1.758622	0.000000	
915.000000	1.758543	0.000000	
920.000000	1.758464	0.000000	
925.000000	1.758387	0.000000	
930.000000	1.758311	0.000000	
935.000000	1.758236	0.000000	
940.000000	1.758162	0.000000	
945.000000	1.758089	0.000000	
950.000000	1.758018	0.000000	
955.000000	1.757947	0.000000	
960.000000	1.757878	0.000000	
965.000000	1.757810	0.000000	
970.000000	1.757742	0.000000	
975.000000	1.757676	0.000000	
980.000000	1.757611	0.000000	
985.000000	1.757546	0.000000	
990.000000	1.757483	0.000000	
995.000000	1.757421	0.000000	
1000.000000	1.757359	0.000000	
1005.000000	1.757298	0.000000	
1010.000000	1.757239	0.000000	
1015.000000	1.757180	0.000000	
1020.000000	1.757122	0.000000	
1025.000000	1.757064	0.000000	
1030.000000	1.757008	0.000000	
1035.000000	1.756952	0.000000	
1040.000000	1.756898	0.000000	
1045.000000	1.756843	0.000000	
1050.000000	1.756790	0.000000	
1055.000000	1.756738	0.000000	
1060.000000	1.756686	0.000000	
1065.000000	1.756634	0.000000	
1070.000000	1.756584	0.000000	
1075.000000	1.756534	0.000000	
1080.000000	1.756485	0.000000	
1085.000000	1.756437	0.000000	
1090.000000	1.756389	0.000000	
1095.000000	1.756342	0.000000	
1100.000000	1.756295	0.000000	
1105.000000	1.756249	0.000000	
1110.000000	1.756204	0.000000	
1115.000000	1.756159	0.000000	
1120.000000	1.756115	0.000000	
1125.000000	1.756072	0.000000	
1130.000000	1.756029	0.000000	
1135.000000	1.755986	0.000000	
1140.000000	1.755944	0.000000	
1145.000000	1.755903	0.000000	
1150.000000	1.755862	0.000000	
1155.000000	1.755822	0.000000	
1160.000000	1.755782	0.000000	
1165.000000	1.755743	0.000000	
1170.000000	1.755704	0.000000	
1175.000000	1.755666	0.000000	
1180.000000	1.755628	0.000000	
1185.000000	1.755590	0.000000	
1190.000000	1.755553	0.000000	
1195.000000	1.755517	0.000000	
1200.000000	1.755480	0.000000	
1205.000000	1.755445	0.000000	
1210.000000	1.755409	0.000000	
1215.000000	1.755375	0.000000	
1220.000000	1.755340	0.000000	
1225.000000	1.755306	0.000000	
1230.000000	1.755272	0.000000	
1235.000000	1.755239	0.000000	
1240.000000	1.755206	0.000000	
1245.000000	1.755173	0.000000	
1250.000000	1.755141	0.000000	
1255.000000	1.755109	0.000000	
1260.000000	1.755077	0.000000	
1265.000000	1.755046	0.000000	
1270.000000	1.755015	0.000000	
1275.000000	1.754984	0.000000	
1280.000000	1.754954	0.000000	
1285.000000	1.754924	0.000000	
1290.000000	1.754894	0.000000	
1295.000000	1.754864	0.000000	
1300.000000	1.754835	0.000000	
1305.000000	1.754806	0.000000	
1310.000000	1.754778	0.000000	
1315.000000	1.754749	0.000000	
1320.000000	1.754721	0.000000	
1325.000000	1.754694	0.000000	
1330.000000	1.754666	0.000000	
1335.000000	1.754639	0.000000	
1340.000000	1.754612	0.000000	
1345.000000	1.754585	0.000000	
1350.000000	1.754558	0.000000	
1355.000000	1.754532	0.000000	
1360.000000	1.754506	0.000000	
1365.000000	1.754480	0.000000	
1370.000000	1.754454	0.000000	
1375.000000	1.754429	0.000000	
1380.000000	1.754404	0.000000	
1385.000000	1.754379	0.000000	
1390.000000	1.754354	0.000000	
1395.000000	1.754330	0.000000	
1400.000000	1.754305	0.000000	
1405.000000	1.754281	0.000000	
1410.000000	1.754257	0.000000	
1415.000000	1.754233	0.000000	
1420.000000	1.754210	0.000000	
1425.000000	1.754187	0.000000	
1430.000000	1.754163	0.000000	
1435.000000	1.754140	0.000000	
1440.000000	1.754117	0.000000	
1445.000000	1.754095	0.000000	
1450.000000	1.754072	0.000000	
1455.000000	1.754050	0.000000	
1460.000000	1.754028	0.000000	
1465.000000	1.754006	0.000000	
1470.000000	1.753984	0.000000	
1475.000000	1.753963	0.000000	
1480.000000	1.753941	0.000000	
1485.000000	1.753920	0.000000	
1490.000000	1.753899	0.000000	
1495.000000	1.753878	0.000000	
1500.000000	1.753857	0.000000	
1505.000000	1.753836	0.000000	
1510.000000	1.753816	0.000000	
1515.000000	1.753795	0.000000	
1520.000000	1.753775	0.000000	
1525.000000	1.753755	0.000000	
1530.000000	1.753735	0.000000	
1535.000000	1.753715	0.000000	
1540.000000	1.753695	0.000000	
1545.000000	1.753676	0.000000	
1550.000000	1.753657	0.000000	
1555.000000	1.753637	0.000000	
1560.000000	1.753618	0.000000	
1565.000000	1.753599	0.000000	
1570.000000	1.753580	0.000000	
1575.000000	1.753561	0.000000	
1580.000000	1.753543	0.000000	
1585.000000	1.753524	0.000000	
1590.000000	1.753506	0.000000	
1595.000000	1.753487	0.000000	
1600.000000	1.753469	0.000000	