Wavelength (nm)	n	k
245.608124	0.014564	1.492512
247.194183	0.147763	1.438704
248.780243	0.275746	1.387487
250.366364	0.398732	1.338705
251.952515	0.516927	1.292219
253.538666	0.630522	1.2479
255.124878	0.739708	1.205621
256.711121	0.844663	1.165271
258.297333	0.945555	1.126743
259.883636	1.042552	1.089934
261.46994	1.135806	1.054752
263.056274	1.225466	1.02111
264.642639	1.311676	0.988924
266.229034	1.394572	0.958118
267.81543	1.474282	0.928619
269.401886	1.550934	0.900359
270.988342	1.624645	0.873276
272.574829	1.695529	0.847307
274.161346	1.763697	0.822397
275.747864	1.829252	0.798494
277.334442	1.892295	0.775547
278.921021	1.952922	0.753509
280.507629	2.011225	0.732335
282.094269	2.067291	0.711985
283.680939	2.121207	0.692418
285.267609	2.173051	0.673597
286.854309	2.222903	0.655487
288.44104	2.270837	0.638055
290.027771	2.316925	0.62127
291.614532	2.361233	0.605102
293.201324	2.40383	0.589522
294.788147	2.444779	0.574505
296.374939	2.484138	0.560025
297.961792	2.521968	0.546058
299.548645	2.558323	0.532582
301.135559	2.593259	0.519574
302.722473	2.626826	0.507016
304.309387	2.659073	0.494888
305.896301	2.690049	0.483171
307.483276	2.7198	0.471848
309.070251	2.748369	0.460902
310.657257	2.775798	0.450318
312.244263	2.80213	0.440081
313.831299	2.827402	0.430177
315.418335	2.851653	0.420592
317.005402	2.874919	0.411313
318.592468	2.897234	0.402328
320.179565	2.918632	0.393625
321.766663	2.939146	0.385194
323.35379	2.958807	0.377023
324.940948	2.977644	0.369103
326.528076	2.995687	0.361424
328.115265	3.012963	0.353976
329.702423	3.029499	0.346752
331.289612	3.045321	0.339742
332.876831	3.060454	0.332938
334.46405	3.074921	0.326333
336.05127	3.088746	0.31992
337.638489	3.101951	0.313691
339.225769	3.114557	0.30764
340.813019	3.126585	0.301761
342.400299	3.138055	0.296047
343.987579	3.148986	0.290492
345.57489	3.159397	0.285091
347.16217	3.169306	0.279838
348.749512	3.178729	0.274729
350.336853	3.187683	0.269758
351.924164	3.196185	0.264921
353.511505	3.20425	0.260212
355.098846	3.211892	0.255628
356.686218	3.219127	0.251165
358.27359	3.225968	0.246818
359.860962	3.232429	0.242584
361.448334	3.238522	0.238458
363.035736	3.244261	0.234438
364.623108	3.249656	0.23052
366.21051	3.254721	0.2267
367.797943	3.259466	0.222976
369.385345	3.263902	0.219344
370.972778	3.268039	0.215801
372.560211	3.271889	0.212346
374.147644	3.27546	0.208974
375.735046	3.278762	0.205683
377.32251	3.281805	0.202472
378.909943	3.284596	0.199336
380.497375	3.287146	0.196275
382.084839	3.289461	0.193286
383.672302	3.29155	0.190367
385.259735	3.293422	0.187515
386.847198	3.295082	0.184728
388.434631	3.29654	0.182006
390.022095	3.2978	0.179345
391.609558	3.298871	0.176744
393.197021	3.299759	0.174201
394.784485	3.30047	0.171715
396.371948	3.30101	0.169284
397.959412	3.301386	0.166907
399.546875	3.301603	0.164581
401.134338	3.301666	0.162306
402.721802	3.30158	0.160079
404.309265	3.301353	0.157901
405.896698	3.300987	0.155769
407.484161	3.300488	0.153681
409.071594	3.299861	0.151638
410.659088	3.29911	0.149637
412.246521	3.298239	0.147678
413.833923	3.297254	0.145759
415.421387	3.296157	0.14388
417.00885	3.294954	0.142039
418.596252	3.293648	0.140235
420.183685	3.292242	0.138467
421.771088	3.29074	0.136735
423.358551	3.289146	0.135037
424.945953	3.287463	0.133372
426.533356	3.285695	0.131741
428.120758	3.283845	0.130141
429.70816	3.281915	0.128572
431.295563	3.279909	0.127034
432.882904	3.277829	0.125525
434.470276	3.275679	0.124044
436.057678	3.273462	0.122592
437.64502	3.271178	0.121167
439.232361	3.268832	0.119769
440.819733	3.266427	0.118397
442.407043	3.263963	0.11705
443.994324	3.261443	0.115728
445.581696	3.258871	0.114431
447.169006	3.256247	0.113157
448.756256	3.253574	0.111906
450.343567	3.250854	0.110677
451.930817	3.248089	0.10947
453.518066	3.245281	0.108285
455.105316	3.242432	0.107121
456.692566	3.239544	0.105978
458.279785	3.236617	0.104854
459.867035	3.233655	0.10375
461.454193	3.230658	0.102665
463.041412	3.227629	0.101599
464.628571	3.224568	0.100551
466.215759	3.221477	0.09952
467.802887	3.218358	0.098508
469.390045	3.215212	0.097512
470.977142	3.21204	0.096533
472.56427	3.208844	0.09557
474.151367	3.205625	0.094624
475.738434	3.202384	0.093693
477.3255	3.199122	0.092777
478.912506	3.195841	0.091876
480.499573	3.192542	0.090989
482.086578	3.189225	0.090118
483.673523	3.185891	0.08926
485.260559	3.182543	0.088415
486.847473	3.17918	0.087585
488.434418	3.175804	0.086767
490.021332	3.172415	0.085962
491.608246	3.169015	0.08517
493.195129	3.165604	0.08439
494.781982	3.162183	0.083622
496.368835	3.158753	0.082866
497.955658	3.155315	0.082122
499.54248	3.15187	0.081389
501.129242	3.148417	0.080667
502.716003	3.144959	0.079956
504.302795	3.141495	0.079256
505.889496	3.138026	0.078566
507.476166	3.134553	0.077886
509.062897	3.131077	0.077217
510.649506	3.127598	0.076557
512.236145	3.124116	0.075907
513.822754	3.120633	0.075267
515.409363	3.117148	0.074636
516.995911	3.113663	0.074014
518.582458	3.110178	0.073401
520.169006	3.106693	0.072797
521.755493	3.103209	0.072201
523.341919	3.099726	0.071614
524.928345	3.096245	0.071035
526.514771	3.092766	0.070464
528.101196	3.089289	0.069901
529.687561	3.085816	0.069346
531.273865	3.082345	0.068799
532.860229	3.078879	0.068259
534.446472	3.075417	0.067727
536.032776	3.071958	0.067202
537.619019	3.068505	0.066684
539.2052	3.065057	0.066173
540.791382	3.061614	0.065669
542.377502	3.058177	0.065172
543.963623	3.054745	0.064681
545.549683	3.05132	0.064197
547.135742	3.047902	0.06372
548.721802	3.04449	0.063248
550.307739	3.041085	0.062783
551.893738	3.037688	0.062324
553.479675	3.034298	0.061871
555.065552	3.030916	0.061424
556.651489	3.027542	0.060982
558.237305	3.024176	0.060546
559.82312	3.020818	0.060116
561.408875	3.017469	0.059691
562.99469	3.014129	0.059272
564.580383	3.010797	0.058858
566.166077	3.007475	0.058449
567.751709	3.004161	0.058045
569.33728	3.000858	0.057646
570.922913	2.997563	0.057252
572.508423	2.994279	0.056863
574.093933	2.991004	0.056479
575.679443	2.987739	0.056099
577.264893	2.984484	0.055724
578.850281	2.98124	0.055354
580.435669	2.978006	0.054988
582.020996	2.974782	0.054627
583.606262	2.971569	0.054269
585.191528	2.968366	0.053917
586.776733	2.965174	0.053568
588.361938	2.961993	0.053223
589.947083	2.958823	0.052883
591.532166	2.955664	0.052546
593.11731	2.952516	0.052214
594.702271	2.949378	0.051885
596.287292	2.946253	0.05156
597.872253	2.943138	0.051239
599.457153	2.940035	0.050921
601.042053	2.936943	0.050607
602.626831	2.933863	0.050297
604.21167	2.930794	0.04999
605.796448	2.927736	0.049687
607.381165	2.92469	0.049387
608.96582	2.921656	0.049091
610.550415	2.918634	0.048798
612.13501	2.915623	0.048508
613.719604	2.912624	0.048221
615.304077	2.909636	0.047937
616.88855	2.906661	0.047657
618.472961	2.903697	0.04738
620.057312	2.900745	0.047105
621.641663	2.897804	0.046834
623.225952	2.894876	0.046565
624.810181	2.89196	0.0463
626.394348	2.889055	0.046037
627.978516	2.886163	0.045777
629.562622	2.883282	0.04552
631.146667	2.880413	0.045266
632.730652	2.877556	0.045014
634.314636	2.874711	0.044765
635.89856	2.871878	0.044519
637.482422	2.869056	0.044275
639.066284	2.866247	0.044034
640.650024	2.86345	0.043795
642.233765	2.860664	0.043559
643.817444	2.857891	0.043325
645.401062	2.855129	0.043094
646.98468	2.852379	0.042864
648.568237	2.849641	0.042638
650.151733	2.846915	0.042413
651.735107	2.844201	0.042191
653.318481	2.841498	0.041971
654.901855	2.838807	0.041753
656.485107	2.836128	0.041538
658.068359	2.833461	0.041324
659.65155	2.830806	0.041113
661.23468	2.828162	0.040904
662.817749	2.82553	0.040697
664.400757	2.822909	0.040492
665.983765	2.8203	0.040289
667.566711	2.817703	0.040088
669.149536	2.815117	0.039888
670.732361	2.812543	0.039691
672.315125	2.809981	0.039496
673.897827	2.80743	0.039302
675.480469	2.80489	0.039111
677.06311	2.802362	0.038921
678.64563	2.799845	0.038733
680.228149	2.79734	0.038547
681.810547	2.794846	0.038362
683.392944	2.792363	0.03818
684.97522	2.789892	0.037999
686.557495	2.787431	0.03782
688.139771	2.784982	0.037642
689.721863	2.782545	0.037466
691.303955	2.780118	0.037292
692.885986	2.777702	0.037119
694.467957	2.775298	0.036948
696.049927	2.772904	0.036778
697.631714	2.770522	0.03661
699.213562	2.76815	0.036444
700.795288	2.765789	0.036279
702.377014	2.763439	0.036115
703.958618	2.7611	0.035953
705.540161	2.758772	0.035793
707.121704	2.756454	0.035634
708.703125	2.754148	0.035476
710.284546	2.751851	0.03532
711.865845	2.749566	0.035165
713.447083	2.747291	0.035011
715.028259	2.745026	0.034859
716.609436	2.742772	0.034708
718.190491	2.740529	0.034559
719.771484	2.738296	0.03441
721.352417	2.736073	0.034263
722.93335	2.73386	0.034118
724.51416	2.731658	0.033973
726.09491	2.729466	0.03383
727.675598	2.727285	0.033688
729.256226	2.725113	0.033547
730.836792	2.722952	0.033408
732.417297	2.7208	0.03327
733.997681	2.718659	0.033132
735.578064	2.716527	0.032996
737.158325	2.714406	0.032861
738.738647	2.712294	0.032728
740.318726	2.710193	0.032595
741.898865	2.708101	0.032464
743.478882	2.706018	0.032333
745.058838	2.703946	0.032204
746.638794	2.701883	0.032075
748.218628	2.69983	0.031948
749.79834	2.697786	0.031822
751.378052	2.695752	0.031697
752.957642	2.693728	0.031573
754.537231	2.691713	0.03145
756.116699	2.689707	0.031327
757.696106	2.687711	0.031206
759.275452	2.685723	0.031086
760.854675	2.683746	0.030967
762.433899	2.681777	0.030849
764.013062	2.679817	0.030731
765.592102	2.677867	0.030615
767.171082	2.675926	0.0305
768.75	2.673994	0.030385
770.328796	2.672071	0.030271
771.907593	2.670157	0.030159
773.486267	2.668252	0.030047
775.06488	2.666355	0.029936
776.643433	2.664468	0.029826
778.221924	2.662589	0.029716
779.800354	2.660719	0.029608
781.378662	2.658858	0.0295
782.956909	2.657005	0.029393
784.535034	2.655161	0.029288
786.113159	2.653325	0.029182
787.691223	2.651498	0.029078
789.269165	2.64968	0.028974
790.847046	2.64787	0.028872
792.424805	2.646068	0.02877
794.002502	2.644275	0.028669
795.580139	2.64249	0.028568
797.157715	2.640714	0.028468
798.735229	2.638945	0.028369
800.312622	2.637185	0.028271
801.889954	2.635433	0.028174
803.467163	2.633689	0.028077
805.044312	2.631953	0.027981
806.62146	2.630225	0.027886
808.198425	2.628505	0.027791
809.775391	2.626793	0.027697
811.352173	2.625089	0.027604
812.929016	2.623393	0.027511
814.505676	2.621705	0.027419
816.082275	2.620024	0.027328
817.658813	2.618352	0.027237
819.235229	2.616687	0.027147
820.811646	2.615029	0.027058
822.387878	2.613379	0.026969
823.96405	2.611737	0.026881
825.540222	2.610102	0.026794
827.116211	2.608475	0.026707
828.6922	2.606855	0.026621
830.268066	2.605243	0.026535
831.843872	2.603638	0.02645
833.419556	2.602041	0.026366
834.995117	2.60045	0.026282
836.570618	2.598867	0.026199
838.146118	2.597291	0.026117
839.721375	2.595723	0.026035
841.296692	2.594162	0.025953
842.871887	2.592607	0.025872
844.44696	2.59106	0.025792
846.021973	2.58952	0.025712
847.596863	2.587987	0.025633
849.171753	2.586461	0.025554
850.74646	2.584941	0.025476
852.321106	2.583429	0.025398
853.895691	2.581923	0.025321
855.470215	2.580425	0.025245
857.044556	2.578933	0.025168
858.618835	2.577448	0.025093
860.193054	2.57597	0.025018
861.767212	2.574498	0.024943
863.341187	2.573033	0.024869
864.915161	2.571574	0.024796
866.489075	2.570122	0.024723
868.062805	2.568677	0.02465
869.636414	2.567239	0.024578
871.210083	2.565806	0.024506
872.783508	2.56438	0.024435
874.356934	2.562961	0.024364
875.930176	2.561548	0.024294
877.503418	2.560141	0.024224
879.076538	2.55874	0.024155
880.649536	2.557346	0.024086
882.222473	2.555958	0.024018
883.795288	2.554576	0.02395
885.368042	2.553201	0.023882
886.940613	2.551831	0.023815
888.513184	2.550468	0.023748
890.085632	2.549111	0.023682
891.65802	2.54776	0.023616
893.230286	2.546414	0.023551
894.802429	2.545075	0.023486
896.374512	2.543742	0.023421
897.946472	2.542414	0.023357
899.518372	2.541093	0.023293
901.090149	2.539777	0.02323
902.661804	2.538467	0.023167
904.233398	2.537163	0.023104
905.804871	2.535865	0.023042
907.376282	2.534572	0.02298
908.947571	2.533285	0.022919
910.518738	2.532004	0.022857
912.089844	2.530729	0.022797
913.660828	2.529459	0.022736
915.23175	2.528194	0.022677
916.802551	2.526936	0.022617
918.373169	2.525682	0.022558
919.943726	2.524434	0.022499
921.514282	2.523192	0.02244
923.084656	2.521955	0.022382
924.654907	2.520724	0.022324
926.225098	2.519497	0.022267
927.795227	2.518277	0.02221
929.365112	2.517061	0.022153
930.935059	2.515851	0.022097
932.504761	2.514646	0.022041
934.074524	2.513446	0.021985
935.644043	2.512252	0.021929
937.213501	2.511062	0.021874
938.782837	2.509878	0.021819
940.352051	2.508699	0.021765
941.921204	2.507525	0.021711
943.490234	2.506356	0.021657
945.059204	2.505193	0.021604
946.628052	2.504034	0.02155
948.196777	2.50288	0.021498
949.76532	2.501731	0.021445
951.333862	2.500587	0.021393
952.902222	2.499448	0.021341
954.470581	2.498314	0.021289
956.038757	2.497185	0.021238
957.606812	2.49606	0.021187
959.174805	2.49494	0.021136
960.742676	2.493825	0.021085
962.310425	2.492715	0.021035
963.878052	2.49161	0.020985
965.445618	2.490509	0.020936
967.013	2.489413	0.020886
968.580261	2.488322	0.020837
970.147583	2.487235	0.020789
971.714661	2.486153	0.02074
973.281555	2.485076	0.020692
974.84845	2.484003	0.020644
976.415222	2.482934	0.020596
977.981812	2.48187	0.020549
979.548462	2.480811	0.020501
981.114868	2.479756	0.020455
982.681152	2.478706	0.020408
984.247375	2.477659	0.020362
985.813354	2.476618	0.020315
987.379395	2.47558	0.020269
988.94519	2.474548	0.020224
990.510925	2.473519	0.020178
992.076538	2.472495	0.020133
993.64209	2.471475	0.020088
995.20752	2.470459	0.020044
996.772766	2.469447	0.019999
998.338013	2.46844	0.019955
999.903015	2.467437	0.019911
1012.407715	2.459568	0.019569
1015.778931	2.457489	0.019479
1019.150757	2.455429	0.01939
1022.523254	2.453386	0.019302
1025.896484	2.45136	0.019215
1029.270264	2.449352	0.019129
1032.644897	2.44736	0.019043
1036.020142	2.445385	0.018959
1039.395996	2.443427	0.018876
1042.772583	2.441485	0.018793
1046.14978	2.439559	0.018712
1049.52771	2.43765	0.018631
1052.90625	2.435756	0.018551
1056.285522	2.433878	0.018472
1059.665405	2.432016	0.018394
1063.046143	2.430169	0.018316
1066.427368	2.428337	0.01824
1069.809326	2.42652	0.018164
1073.191772	2.424718	0.018089
1076.575073	2.422931	0.018015
1079.959106	2.421159	0.017941
1083.343628	2.419401	0.017868
1086.729004	2.417658	0.017796
1090.11499	2.415928	0.017725
1093.501587	2.414213	0.017654
1096.888916	2.412511	0.017584
1100.276855	2.410824	0.017515
1103.665527	2.409149	0.017446
1107.05481	2.407489	0.017379
1110.444824	2.405842	0.017311
1113.835449	2.404207	0.017245
1117.226807	2.402586	0.017179
1120.618896	2.400978	0.017114
1124.011475	2.399383	0.017049
1127.404907	2.3978	0.016985
1130.798828	2.39623	0.016921
1134.193604	2.394673	0.016859
1137.588989	2.393127	0.016796
1140.984985	2.391594	0.016735
1144.381592	2.390073	0.016674
1147.779053	2.388564	0.016613
1151.177124	2.387066	0.016553
1154.575928	2.385581	0.016494
1157.975342	2.384107	0.016435
1161.375244	2.382644	0.016377
1164.776123	2.381193	0.016319
1168.17749	2.379753	0.016262
1171.57959	2.378324	0.016205
1174.9823	2.376906	0.016149
1178.385864	2.375499	0.016093
1181.789917	2.374103	0.016038
1185.194702	2.372717	0.015983
1188.60022	2.371343	0.015929
1192.006226	2.369978	0.015875
1195.413086	2.368624	0.015822
1198.820557	2.36728	0.015769
1202.22876	2.365947	0.015717
1205.637573	2.364624	0.015665
1209.047119	2.36331	0.015613
1212.457275	2.362007	0.015563
1215.868042	2.360713	0.015512
1219.279541	2.359429	0.015462
1222.691772	2.358155	0.015412
1226.104736	2.35689	0.015363
1229.518188	2.355634	0.015314
1232.932373	2.354388	0.015266
1236.34729	2.353152	0.015218
1239.762939	2.351924	0.01517
1243.179077	2.350706	0.015123
1246.595947	2.349496	0.015076
1250.01355	2.348295	0.01503
1253.431885	2.347104	0.014984
1256.85083	2.34592	0.014938
1260.270386	2.344746	0.014893
1263.690674	2.34358	0.014848
1267.111572	2.342423	0.014804
1270.533203	2.341274	0.014759
1273.955566	2.340133	0.014716
1277.37854	2.339001	0.014672
1280.802124	2.337877	0.014629
1284.22644	2.336761	0.014586
1287.651489	2.335653	0.014544
1291.077148	2.334553	0.014502
1294.50354	2.333461	0.01446
1297.93042	2.332376	0.014419
1301.358154	2.3313	0.014378
1304.786621	2.330231	0.014337
1308.215576	2.32917	0.014296
1311.645264	2.328116	0.014256
1315.075806	2.32707	0.014217
1318.506836	2.326031	0.014177
1321.938599	2.324999	0.014138
1325.370972	2.323975	0.014099
1328.804077	2.322958	0.01406
1332.237915	2.321948	0.014022
1335.672241	2.320945	0.013984
1339.107422	2.319949	0.013946
1342.543213	2.31896	0.013909
1345.979736	2.317978	0.013872
1349.416748	2.317003	0.013835
1352.854736	2.316034	0.013799
1356.293213	2.315073	0.013762
1359.7323	2.314117	0.013726
1363.172119	2.313169	0.01369
1366.612671	2.312227	0.013655
1370.053955	2.311291	0.01362
1373.49585	2.310362	0.013585
1376.938232	2.309439	0.01355
1380.381592	2.308522	0.013516
1383.825439	2.307612	0.013481
1387.27002	2.306708	0.013447
1390.715332	2.30581	0.013414
1394.161255	2.304918	0.01338
1397.607788	2.304032	0.013347
1401.055054	2.303152	0.013314
1404.503052	2.302278	0.013281
1407.95166	2.30141	0.013249
1411.401001	2.300548	0.013217
1414.850952	2.299691	0.013184
1418.301636	2.29884	0.013153
1421.753052	2.297995	0.013121
1425.204956	2.297155	0.01309
1428.657715	2.296321	0.013058
1432.111084	2.295493	0.013028
1435.565186	2.29467	0.012997
1439.019775	2.293852	0.012966
1442.475342	2.29304	0.012936
1445.931396	2.292233	0.012906
1449.388062	2.291431	0.012876
1452.845459	2.290635	0.012846
1456.303589	2.289844	0.012817
1459.762451	2.289058	0.012788
1463.221924	2.288277	0.012759
1466.682007	2.287501	0.01273
1470.142822	2.286731	0.012701
1473.604248	2.285965	0.012672
1477.066528	2.285204	0.012644
1480.529297	2.284448	0.012616
1483.99292	2.283697	0.012588
1487.457031	2.28295	0.01256
1490.921875	2.282209	0.012533
1494.387451	2.281472	0.012505
1497.85376	2.28074	0.012478
1501.320557	2.280013	0.012451
1504.788208	2.27929	0.012424
1508.25647	2.278572	0.012398
1511.725342	2.277858	0.012371
1515.195068	2.277149	0.012345
1518.665283	2.276444	0.012319
1522.136353	2.275744	0.012293
1525.60791	2.275048	0.012267
1529.080322	2.274357	0.012241
1532.553345	2.27367	0.012216
1536.026978	2.272987	0.012191
1539.501343	2.272309	0.012166
1542.976318	2.271634	0.012141
1546.452026	2.270964	0.012116
1549.928467	2.270298	0.012091
1553.405518	2.269636	0.012067
1556.883301	2.268979	0.012042
1560.361694	2.268325	0.012018
1563.84082	2.267675	0.011994
1567.320679	2.26703	0.01197
1570.801147	2.266388	0.011946
1574.282227	2.26575	0.011923
1577.764038	2.265116	0.011899
1581.246582	2.264486	0.011876
1584.729736	2.26386	0.011853
1588.213623	2.263237	0.01183
1591.69812	2.262619	0.011807
1595.18335	2.262004	0.011784
1598.669312	2.261393	0.011761
1602.155884	2.260786	0.011739
1605.643188	2.260182	0.011716
1609.131104	2.259582	0.011694
1612.619751	2.258985	0.011672
1616.109009	2.258392	0.01165
1619.598877	2.257803	0.011628
1623.0896	2.257217	0.011607
1626.580933	2.256634	0.011585
1630.072998	2.256055	0.011564
1633.565674	2.25548	0.011542
1637.05896	2.254908	0.011521
1640.553101	2.254339	0.0115
1644.047852	2.253774	0.011479
1647.543213	2.253212	0.011459
1651.039307	2.252653	0.011438
1654.536133	2.252098	0.011417
1658.033447	2.251545	0.011397
1661.531616	2.250997	0.011377
1665.030518	2.250451	0.011356
1668.529907	2.249908	0.011336
1672.030029	2.249369	0.011316
1675.530884	2.248833	0.011296
1679.032471	2.248299	0.011277
1682.534546	2.247769	0.011257
1686.037476	2.247242	0.011238
1689.541016	2.246718	0.011218
